<?xml version="1.0" encoding="utf-8"?>
<COLLADA xmlns="http://www.collada.org/2005/11/COLLADASchema" version="1.4.1">
  <asset>
    <contributor>
      <author>Mixamo</author>
      <authoring_tool>COLLADA Mixamo exporter</authoring_tool>
      <comments/>
    </contributor>
    <created>2024-09-07T13:42:09Z</created>
    <modified>2024-09-07T13:42:09Z</modified>
    <revision/>
    <title/>
    <unit meter="0.010000"/>
    <up_axis>Y_UP</up_axis>
  </asset>
  <library_animations>
    <animation id="mixamorig_Hips-anim" name="mixamorig_Hips">
      <source id="mixamorig_Hips-Matrix-animation-input">
        <float_array id="mixamorig_Hips-Matrix-animation-input-array" count="33">

0.000000 0.033333 0.066667 0.100000 0.133333 0.166667 0.200000 0.233333 0.266667 0.300000 0.333333 0.366667 0.400000 0.433333 0.466667 0.500000
0.533333 0.566667 0.600000 0.633333 0.666667 0.700000 0.733333 0.766667 0.800000 0.833333 0.866667 0.900000 0.933333 0.966667 1.000000 1.033333
1.066667</float_array>
        <technique_common>
          <accessor source="#mixamorig_Hips-Matrix-animation-input-array" count="33">
            <param name="TIME" type="float"/>
          </accessor>
        </technique_common>
      </source>
      <source id="mixamorig_Hips-Matrix-animation-output-transform">
        <float_array id="mixamorig_Hips-Matrix-animation-output-transform-array" count="528">

0.690525 0.000992 -0.723308 -1.138807 0.066624 0.995661 0.064970 122.943771 0.720233 -0.093054 0.687463 0.642355 0.000000 0.000000 0.000000 1.000000
0.673175 0.011199 -0.739399 -1.342591 0.062487 0.995448 0.071968 122.560120 0.736838 -0.094650 0.669410 -0.101951 0.000000 0.000000 0.000000 1.000000
0.663309 0.011813 -0.748253 -1.582996 0.061443 0.995640 0.070187 122.419350 0.745819 -0.092530 0.659691 -1.390085 0.000000 0.000000 0.000000 1.000000
0.667984 0.006533 -0.744147 -1.899533 0.062705 0.995911 0.065030 122.819748 0.741529 -0.090101 0.664843 -3.247956 0.000000 0.000000 0.000000 1.000000
0.688594 -0.000408 -0.725147 -2.328401 0.067025 0.995755 0.063087 123.905067 0.722043 -0.092044 0.685698 -5.456069 0.000000 0.000000 0.000000 1.000000
0.719410 -0.010449 -0.694507 -2.812012 0.074606 0.995265 0.062308 125.502701 0.690567 -0.096639 0.716783 -7.601430 0.000000 0.000000 0.000000 1.000000
0.750939 -0.024025 -0.659934 -3.261193 0.082273 0.994956 0.057397 127.305550 0.655227 -0.097396 0.749128 -9.343862 0.000000 0.000000 0.000000 1.000000
0.775632 -0.035740 -0.630172 -3.667070 0.085645 0.995121 0.048976 129.056396 0.625347 -0.091958 0.774909 -10.523233 0.000000 0.000000 0.000000 1.000000
0.790759 -0.040737 -0.610771 -4.097162 0.084065 0.995556 0.042437 130.768280 0.606328 -0.084902 0.790669 -11.219655 0.000000 0.000000 0.000000 1.000000
0.797314 -0.040071 -0.602233 -4.567493 0.080936 0.995880 0.040891 132.309753 0.598113 -0.081345 0.797272 -11.466299 0.000000 0.000000 0.000000 1.000000
0.797961 -0.037473 -0.601543 -4.966759 0.078507 0.996024 0.042095 133.580353 0.597574 -0.080816 0.797730 -11.264358 0.000000 0.000000 0.000000 1.000000
0.795386 -0.035484 -0.605064 -5.128358 0.075351 0.996329 0.040622 134.556366 0.601402 -0.077903 0.795140 -10.569931 0.000000 0.000000 0.000000 1.000000
0.791519 -0.034898 -0.610148 -4.951657 0.068600 0.997132 0.031960 135.326736 0.607282 -0.067153 0.791643 -9.343329 0.000000 0.000000 0.000000 1.000000
0.787697 -0.035225 -0.615055 -4.450575 0.057061 0.998244 0.015907 136.132172 0.613415 -0.047626 0.788324 -7.588319 0.000000 0.000000 0.000000 1.000000
0.785686 -0.034386 -0.617669 -3.679298 0.041821 0.999122 -0.002424 136.888458 0.617211 -0.023927 0.786434 -5.284345 0.000000 0.000000 0.000000 1.000000
0.788354 -0.030034 -0.614488 -2.680206 0.025699 0.999544 -0.015883 137.689865 0.614685 -0.003270 0.788766 -2.409705 0.000000 0.000000 0.000000 1.000000
0.798539 -0.021424 -0.601562 -1.525184 0.011500 0.999727 -0.020338 138.673111 0.601833 0.009322 0.798567 0.879742 0.000000 0.000000 0.000000 1.000000
0.816372 -0.009496 -0.577448 -0.296645 -0.000253 0.999859 -0.016801 139.717941 0.577526 0.013862 0.816255 4.365099 0.000000 0.000000 0.000000 1.000000
0.837811 0.004670 -0.545941 0.920013 -0.012062 0.999878 -0.009958 140.544662 0.545828 0.014928 0.837765 7.800270 0.000000 0.000000 0.000000 1.000000
0.856034 0.018495 -0.516589 2.001805 -0.023685 0.999713 -0.003457 141.118317 0.516377 0.015194 0.856226 10.927534 0.000000 0.000000 0.000000 1.000000
0.869073 0.030017 -0.493772 2.778174 -0.033573 0.999435 0.001666 141.554321 0.493543 0.015130 0.869590 13.522042 0.000000 0.000000 0.000000 1.000000
0.879870 0.040863 -0.473454 3.170719 -0.043646 0.999034 0.005112 142.090195 0.473205 0.016166 0.880804 15.619999 0.000000 0.000000 0.000000 1.000000
0.891845 0.053183 -0.449204 3.194108 -0.056308 0.998393 0.006411 142.778625 0.448823 0.019577 0.893406 17.333164 0.000000 0.000000 0.000000 1.000000
0.905565 0.066522 -0.418960 2.914734 -0.070315 0.997504 0.006400 143.507080 0.418340 0.023664 0.907982 18.775398 0.000000 0.000000 0.000000 1.000000
0.919498 0.079738 -0.384923 2.429479 -0.083209 0.996503 0.007660 143.846222 0.384188 0.024986 0.922917 20.117380 0.000000 0.000000 0.000000 1.000000
0.933048 0.091641 -0.347883 1.777192 -0.093266 0.995568 0.012112 144.129852 0.347451 0.021144 0.937460 21.423014 0.000000 0.000000 0.000000 1.000000
0.946895 0.101257 -0.305185 0.988379 -0.100025 0.994790 0.019712 144.367462 0.305590 0.011861 0.952089 22.700647 0.000000 0.000000 0.000000 1.000000
0.960955 0.105926 -0.255627 0.076080 -0.101709 0.994371 0.029699 144.522156 0.257334 -0.002540 0.966319 23.886732 0.000000 0.000000 0.000000 1.000000
0.973566 0.102111 -0.204312 -0.939868 -0.095655 0.994559 0.041257 144.544601 0.207413 -0.020623 0.978036 24.951975 0.000000 0.000000 0.000000 1.000000
0.982844 0.091929 -0.159896 -2.039022 -0.084529 0.995037 0.052493 144.518311 0.163928 -0.038077 0.985737 25.940712 0.000000 0.000000 0.000000 1.000000
0.988626 0.079637 -0.127579 -3.270007 -0.072369 0.995533 0.060630 144.434814 0.131838 -0.050708 0.989974 26.867514 0.000000 0.000000 0.000000 1.000000
0.991728 0.072337 -0.106034 -4.597322 -0.065755 0.995761 0.064315 144.476807 0.110237 -0.056810 0.992280 27.710526 0.000000 0.000000 0.000000 1.000000
0.993517 0.068295 -0.090883 -5.920482 -0.062499 0.995915 0.065168 144.583755 0.094962 -0.059065 0.993727 28.444933 0.000000 0.000000 0.000000 1.000000</float_array>
        <technique_common>
          <accessor source="#mixamorig_Hips-Matrix-animation-output-transform-array" count="33" stride="16">
            <param type="float4x4"/>
          </accessor>
        </technique_common>
      </source>
      <source id="mixamorig_Hips-Interpolations">
        <Name_array id="mixamorig_Hips-Interpolations-array" count="33">
 LINEAR LINEAR LINEAR LINEAR LINEAR LINEAR LINEAR LINEAR LINEAR LINEAR LINEAR
LINEAR LINEAR LINEAR LINEAR LINEAR LINEAR LINEAR LINEAR LINEAR LINEAR LINEAR LINEAR
LINEAR LINEAR LINEAR LINEAR LINEAR LINEAR LINEAR LINEAR LINEAR LINEAR</Name_array>
        <technique_common>
          <accessor source="#mixamorig_Hips-Interpolations-array" count="33">
            <param type="name"/>
          </accessor>
        </technique_common>
      </source>
      <sampler id="mixamorig_Hips-Matrix-animation-transform">
        <input semantic="INPUT" source="#mixamorig_Hips-Matrix-animation-input"/>
        <input semantic="OUTPUT" source="#mixamorig_Hips-Matrix-animation-output-transform"/>
        <input semantic="INTERPOLATION" source="#mixamorig_Hips-Interpolations"/>
      </sampler>
      <channel source="#mixamorig_Hips-Matrix-animation-transform" target="mixamorig_Hips/matrix"/>
    </animation>
    <animation id="mixamorig_Spine-anim" name="mixamorig_Spine">
      <source id="mixamorig_Spine-Matrix-animation-input">
        <float_array id="mixamorig_Spine-Matrix-animation-input-array" count="33">

0.000000 0.033333 0.066667 0.100000 0.133333 0.166667 0.200000 0.233333 0.266667 0.300000 0.333333 0.366667 0.400000 0.433333 0.466667 0.500000
0.533333 0.566667 0.600000 0.633333 0.666667 0.700000 0.733333 0.766667 0.800000 0.833333 0.866667 0.900000 0.933333 0.966667 1.000000 1.033333
1.066667</float_array>
        <technique_common>
          <accessor source="#mixamorig_Spine-Matrix-animation-input-array" count="33">
            <param name="TIME" type="float"/>
          </accessor>
        </technique_common>
      </source>
      <source id="mixamorig_Spine-Matrix-animation-output-transform">
        <float_array id="mixamorig_Spine-Matrix-animation-output-transform-array" count="528">

0.991498 0.024031 0.127884 0.000000 -0.010027 0.993987 -0.109039 9.726200 -0.129735 0.106830 0.985777 -0.533100 0.000000 0.000000 0.000000 1.000000
0.991453 0.028469 0.127317 0.000000 -0.013466 0.993019 -0.117182 9.726200 -0.129764 0.114466 0.984916 -0.533100 0.000000 0.000000 0.000000 1.000000
0.992022 0.032723 0.121745 -0.000000 -0.018541 0.993094 -0.115844 9.726200 -0.124695 0.112662 0.985778 -0.533100 0.000000 0.000000 0.000000 1.000000
0.993405 0.033771 0.109576 0.000000 -0.021595 0.993646 -0.110461 9.726200 -0.112610 0.107366 0.987822 -0.533100 0.000000 0.000000 0.000000 1.000000
0.995335 0.032003 0.091015 -0.000000 -0.022263 0.994107 -0.106091 9.726200 -0.093874 0.103570 0.990182 -0.533100 0.000000 0.000000 0.000000 1.000000
0.997142 0.028136 0.070116 0.000000 -0.021141 0.994906 -0.098570 9.726200 -0.072533 0.096806 0.992657 -0.533100 0.000000 0.000000 0.000000 1.000000
0.998247 0.021931 0.054967 -0.000000 -0.017322 0.996402 -0.082966 9.726200 -0.056589 0.081869 0.995035 -0.533100 0.000000 0.000000 0.000000 1.000000
0.998588 0.014374 0.051141 -0.000000 -0.011175 0.997995 -0.062301 9.726200 -0.051934 0.061642 0.996746 -0.533100 0.000000 0.000000 0.000000 1.000000
0.998291 0.009820 0.057611 -0.000000 -0.007247 0.998974 -0.044708 9.726200 -0.057991 0.044214 0.997338 -0.533100 0.000000 0.000000 0.000000 1.000000
0.997492 0.011060 0.069903 0.000000 -0.008753 0.999409 -0.033230 9.726200 -0.070229 0.032535 0.997000 -0.533100 0.000000 0.000000 0.000000 1.000000
0.996343 0.015742 0.083976 0.000000 -0.013592 0.999567 -0.026102 9.726200 -0.084350 0.024865 0.996126 -0.533100 0.000000 0.000000 0.000000 1.000000
0.995078 0.018039 0.097436 -0.000000 -0.016217 0.999679 -0.019459 9.726200 -0.097755 0.017783 0.995052 -0.533100 0.000000 0.000000 0.000000 1.000000
0.993824 0.014119 0.110067 -0.000000 -0.013146 0.999868 -0.009554 9.726200 -0.110188 0.008048 0.993878 -0.533100 0.000000 0.000000 0.000000 1.000000
0.992482 0.005113 0.122287 0.000000 -0.005775 0.999971 0.005061 9.726200 -0.122257 -0.005729 0.992482 -0.533100 0.000000 0.000000 0.000000 1.000000
0.991173 -0.005154 0.132473 -0.000000 0.002280 0.999759 0.021834 9.726200 -0.132553 -0.021339 0.990946 -0.533100 0.000000 0.000000 0.000000 1.000000
0.990355 -0.014009 0.137843 -0.000000 0.009186 0.999325 0.035560 9.726200 -0.138248 -0.033951 0.989816 -0.533100 0.000000 0.000000 0.000000 1.000000
0.990196 -0.020342 0.138198 0.000000 0.014634 0.999002 0.042192 9.726200 -0.138918 -0.039756 0.989506 -0.533100 0.000000 0.000000 0.000000 1.000000
0.990381 -0.025848 0.135929 -0.000000 0.020203 0.998882 0.042748 9.726200 -0.136882 -0.039590 0.989796 -0.533100 0.000000 0.000000 0.000000 1.000000
0.990504 -0.033423 0.133357 0.000000 0.028213 0.998770 0.040764 9.726200 -0.134556 -0.036614 0.990229 -0.533100 0.000000 0.000000 0.000000 1.000000
0.990411 -0.040815 0.131983 0.000000 0.036167 0.998645 0.037430 9.726200 -0.133331 -0.032297 0.990545 -0.533100 0.000000 0.000000 0.000000 1.000000
0.990418 -0.044543 0.130724 -0.000000 0.040662 0.998654 0.032210 9.726200 -0.131983 -0.026586 0.990895 -0.533100 0.000000 0.000000 0.000000 1.000000
0.990885 -0.045804 0.126681 -0.000000 0.042814 0.998739 0.026227 9.726200 -0.127723 -0.020564 0.991597 -0.533100 0.000000 0.000000 0.000000 1.000000
0.991963 -0.047693 0.117196 -0.000000 0.045507 0.998738 0.021261 9.726200 -0.118062 -0.015757 0.992881 -0.533100 0.000000 0.000000 0.000000 1.000000
0.993381 -0.050930 0.102959 0.000000 0.049439 0.998633 0.016982 9.726200 -0.103683 -0.011780 0.994541 -0.533100 0.000000 0.000000 0.000000 1.000000
0.994652 -0.055708 0.086970 -0.000000 0.054843 0.998419 0.012305 9.726200 -0.087518 -0.007469 0.996135 -0.533100 0.000000 0.000000 0.000000 1.000000
0.995621 -0.060996 0.070834 -0.000000 0.060696 0.998136 0.006383 9.726200 -0.071092 -0.002056 0.997468 -0.533100 0.000000 0.000000 0.000000 1.000000
0.996312 -0.066429 0.054310 0.000000 0.066514 0.997785 0.000235 9.726200 -0.054205 0.003378 0.998524 -0.533100 0.000000 0.000000 0.000000 1.000000
0.996789 -0.069981 0.038927 -0.000000 0.070253 0.997513 -0.005664 9.726200 -0.038434 0.008381 0.999226 -0.533100 0.000000 0.000000 0.000000 1.000000
0.997212 -0.068842 0.028802 0.000000 0.069183 0.997543 -0.010997 9.726200 -0.027974 0.012959 0.999525 -0.533100 0.000000 0.000000 0.000000 1.000000
0.997580 -0.064492 0.025964 -0.000000 0.064870 0.997796 -0.013994 9.726200 -0.025005 0.015644 0.999565 -0.533100 0.000000 0.000000 0.000000 1.000000
0.997929 -0.058221 0.027358 0.000000 0.058584 0.998202 -0.012683 9.726200 -0.026570 0.014259 0.999545 -0.533100 0.000000 0.000000 0.000000 1.000000
0.998126 -0.054554 0.027709 0.000000 0.054787 0.998468 -0.007708 9.726200 -0.027246 0.009212 0.999586 -0.533100 0.000000 0.000000 0.000000 1.000000
0.998356 -0.051987 0.024131 -0.000000 0.052067 0.998640 -0.002687 9.726200 -0.023958 0.003939 0.999705 -0.533100 0.000000 0.000000 0.000000 1.000000</float_array>
        <technique_common>
          <accessor source="#mixamorig_Spine-Matrix-animation-output-transform-array" count="33" stride="16">
            <param type="float4x4"/>
          </accessor>
        </technique_common>
      </source>
      <source id="mixamorig_Spine-Interpolations">
        <Name_array id="mixamorig_Spine-Interpolations-array" count="33">
 LINEAR LINEAR LINEAR LINEAR LINEAR LINEAR LINEAR LINEAR LINEAR LINEAR LINEAR
LINEAR LINEAR LINEAR LINEAR LINEAR LINEAR LINEAR LINEAR LINEAR LINEAR LINEAR LINEAR
LINEAR LINEAR LINEAR LINEAR LINEAR LINEAR LINEAR LINEAR LINEAR LINEAR</Name_array>
        <technique_common>
          <accessor source="#mixamorig_Spine-Interpolations-array" count="33">
            <param type="name"/>
          </accessor>
        </technique_common>
      </source>
      <sampler id="mixamorig_Spine-Matrix-animation-transform">
        <input semantic="INPUT" source="#mixamorig_Spine-Matrix-animation-input"/>
        <input semantic="OUTPUT" source="#mixamorig_Spine-Matrix-animation-output-transform"/>
        <input semantic="INTERPOLATION" source="#mixamorig_Spine-Interpolations"/>
      </sampler>
      <channel source="#mixamorig_Spine-Matrix-animation-transform" target="mixamorig_Spine/matrix"/>
    </animation>
    <animation id="mixamorig_Spine1-anim" name="mixamorig_Spine1">
      <source id="mixamorig_Spine1-Matrix-animation-input">
        <float_array id="mixamorig_Spine1-Matrix-animation-input-array" count="33">

0.000000 0.033333 0.066667 0.100000 0.133333 0.166667 0.200000 0.233333 0.266667 0.300000 0.333333 0.366667 0.400000 0.433333 0.466667 0.500000
0.533333 0.566667 0.600000 0.633333 0.666667 0.700000 0.733333 0.766667 0.800000 0.833333 0.866667 0.900000 0.933333 0.966667 1.000000 1.033333
1.066667</float_array>
        <technique_common>
          <accessor source="#mixamorig_Spine1-Matrix-animation-input-array" count="33">
            <param name="TIME" type="float"/>
          </accessor>
        </technique_common>
      </source>
      <source id="mixamorig_Spine1-Matrix-animation-output-transform">
        <float_array id="mixamorig_Spine1-Matrix-animation-output-transform-array" count="528">

0.999723 0.015008 0.018125 0.000000 -0.014308 0.999169 -0.038165 11.364300 -0.018682 0.037895 0.999107 -0.000000 0.000000 0.000000 0.000000 1.000000
0.999738 0.013965 0.018112 0.000000 -0.013227 0.999103 -0.040219 11.364300 -0.018657 0.039969 0.999027 0.000000 0.000000 0.000000 0.000000 1.000000
0.999767 0.013417 0.016894 -0.000000 -0.012718 0.999086 -0.040807 11.364300 -0.017427 0.040583 0.999024 0.000000 0.000000 0.000000 0.000000 1.000000
0.999811 0.013273 0.014183 0.000000 -0.012687 0.999094 -0.040630 11.364300 -0.014709 0.040443 0.999074 0.000000 0.000000 0.000000 0.000000 1.000000
0.999862 0.013339 0.009930 0.000000 -0.012933 0.999118 -0.039953 11.364300 -0.010454 0.039819 0.999152 0.000000 0.000000 0.000000 0.000000 1.000000
0.999904 0.012944 0.004939 0.000000 -0.012749 0.999209 -0.037668 11.364300 -0.005422 0.037601 0.999278 0.000000 0.000000 0.000000 0.000000 1.000000
0.999936 0.011217 0.001203 0.000000 -0.011171 0.999388 -0.033154 11.364300 -0.001574 0.033138 0.999450 0.000000 0.000000 0.000000 0.000000 1.000000
0.999965 0.008397 0.000291 -0.000000 -0.008386 0.999582 -0.027654 11.364300 -0.000523 0.027650 0.999618 0.000000 0.000000 0.000000 0.000000 1.000000
0.999981 0.005852 0.002105 -0.000000 -0.005802 0.999720 -0.022962 11.364300 -0.002239 0.022949 0.999734 -0.000000 0.000000 0.000000 0.000000 1.000000
0.999974 0.004582 0.005647 0.000000 -0.004469 0.999793 -0.019855 11.364300 -0.005737 0.019829 0.999787 0.000000 0.000000 0.000000 0.000000 1.000000
0.999942 0.004259 0.009899 -0.000000 -0.004082 0.999832 -0.017883 11.364300 -0.009974 0.017842 0.999791 -0.000000 0.000000 0.000000 0.000000 1.000000
0.999893 0.003838 0.014126 0.000000 -0.003612 0.999865 -0.016041 11.364300 -0.014186 0.015988 0.999772 0.000000 0.000000 0.000000 0.000000 1.000000
0.999832 0.002448 0.018153 -0.000000 -0.002204 0.999908 -0.013415 11.364300 -0.018184 0.013373 0.999745 -0.000000 0.000000 0.000000 0.000000 1.000000
0.999758 -0.000199 0.022014 0.000000 0.000416 0.999952 -0.009830 11.364300 -0.022011 0.009837 0.999709 0.000000 0.000000 0.000000 0.000000 1.000000
0.999674 -0.003832 0.025229 0.000000 0.003988 0.999973 -0.006111 11.364300 -0.025205 0.006209 0.999663 0.000000 0.000000 0.000000 0.000000 1.000000
0.999603 -0.007876 0.027058 -0.000000 0.007971 0.999962 -0.003403 11.364300 -0.027030 0.003617 0.999628 0.000000 0.000000 0.000000 0.000000 1.000000
0.999553 -0.011695 0.027511 0.000000 0.011760 0.999928 -0.002210 11.364300 -0.027483 0.002533 0.999619 0.000000 0.000000 0.000000 0.000000 1.000000
0.999516 -0.014844 0.027332 0.000000 0.014908 0.999887 -0.002150 11.364300 -0.027297 0.002557 0.999624 0.000000 0.000000 0.000000 0.000000 1.000000
0.999480 -0.017356 0.027188 0.000000 0.017430 0.999845 -0.002472 11.364300 -0.027141 0.002945 0.999627 0.000000 0.000000 0.000000 0.000000 1.000000
0.999436 -0.019541 0.027303 0.000000 0.019629 0.999803 -0.002964 11.364300 -0.027240 0.003498 0.999623 -0.000000 0.000000 0.000000 0.000000 1.000000
0.999389 -0.021733 0.027379 0.000000 0.021850 0.999753 -0.003975 11.364300 -0.027286 0.004571 0.999617 0.000000 0.000000 0.000000 0.000000 1.000000
0.999354 -0.024097 0.026650 0.000000 0.024253 0.999690 -0.005556 11.364300 -0.026508 0.006199 0.999629 0.000000 0.000000 0.000000 0.000000 1.000000
0.999353 -0.026358 0.024465 -0.000000 0.026543 0.999621 -0.007263 11.364300 -0.024264 0.007907 0.999674 -0.000000 0.000000 0.000000 0.000000 1.000000
0.999385 -0.028049 0.021024 0.000000 0.028241 0.999562 -0.008883 11.364300 -0.020766 0.009471 0.999740 0.000000 0.000000 0.000000 0.000000 1.000000
0.999437 -0.028844 0.017122 -0.000000 0.029032 0.999520 -0.010842 11.364300 -0.016801 0.011333 0.999795 0.000000 0.000000 0.000000 0.000000 1.000000
0.999481 -0.029408 0.013175 0.000000 0.029578 0.999479 -0.012910 11.364300 -0.012788 0.013293 0.999830 0.000000 0.000000 0.000000 0.000000 1.000000
0.999506 -0.030072 0.009091 -0.000000 0.030205 0.999433 -0.014868 11.364300 -0.008638 0.015135 0.999848 0.000000 0.000000 0.000000 0.000000 1.000000
0.999521 -0.030474 0.005332 0.000000 0.030559 0.999395 -0.016589 11.364300 -0.004823 0.016744 0.999848 0.000000 0.000000 0.000000 0.000000 1.000000
0.999547 -0.029952 0.003103 0.000000 0.030003 0.999384 -0.018183 11.364300 -0.002556 0.018268 0.999830 0.000000 0.000000 0.000000 0.000000 1.000000
0.999587 -0.028587 0.002975 -0.000000 0.028640 0.999397 -0.019615 11.364300 -0.002412 0.019692 0.999803 0.000000 0.000000 0.000000 0.000000 1.000000
0.999618 -0.027344 0.004013 -0.000000 0.027421 0.999415 -0.020434 11.364300 -0.003452 0.020536 0.999783 0.000000 0.000000 0.000000 0.000000 1.000000
0.999625 -0.026980 0.004694 -0.000000 0.027070 0.999426 -0.020381 11.364300 -0.004141 0.020501 0.999781 0.000000 0.000000 0.000000 0.000000 1.000000
0.999616 -0.027374 0.004253 0.000000 0.027454 0.999423 -0.020020 11.364300 -0.003702 0.020129 0.999791 0.000000 0.000000 0.000000 0.000000 1.000000</float_array>
        <technique_common>
          <accessor source="#mixamorig_Spine1-Matrix-animation-output-transform-array" count="33" stride="16">
            <param type="float4x4"/>
          </accessor>
        </technique_common>
      </source>
      <source id="mixamorig_Spine1-Interpolations">
        <Name_array id="mixamorig_Spine1-Interpolations-array" count="33">
 LINEAR LINEAR LINEAR LINEAR LINEAR LINEAR LINEAR LINEAR LINEAR LINEAR LINEAR
LINEAR LINEAR LINEAR LINEAR LINEAR LINEAR LINEAR LINEAR LINEAR LINEAR LINEAR LINEAR
LINEAR LINEAR LINEAR LINEAR LINEAR LINEAR LINEAR LINEAR LINEAR LINEAR</Name_array>
        <technique_common>
          <accessor source="#mixamorig_Spine1-Interpolations-array" count="33">
            <param type="name"/>
          </accessor>
        </technique_common>
      </source>
      <sampler id="mixamorig_Spine1-Matrix-animation-transform">
        <input semantic="INPUT" source="#mixamorig_Spine1-Matrix-animation-input"/>
        <input semantic="OUTPUT" source="#mixamorig_Spine1-Matrix-animation-output-transform"/>
        <input semantic="INTERPOLATION" source="#mixamorig_Spine1-Interpolations"/>
      </sampler>
      <channel source="#mixamorig_Spine1-Matrix-animation-transform" target="mixamorig_Spine1/matrix"/>
    </animation>
    <animation id="mixamorig_Spine2-anim" name="mixamorig_Spine2">
      <source id="mixamorig_Spine2-Matrix-animation-input">
        <float_array id="mixamorig_Spine2-Matrix-animation-input-array" count="33">

0.000000 0.033333 0.066667 0.100000 0.133333 0.166667 0.200000 0.233333 0.266667 0.300000 0.333333 0.366667 0.400000 0.433333 0.466667 0.500000
0.533333 0.566667 0.600000 0.633333 0.666667 0.700000 0.733333 0.766667 0.800000 0.833333 0.866667 0.900000 0.933333 0.966667 1.000000 1.033333
1.066667</float_array>
        <technique_common>
          <accessor source="#mixamorig_Spine2-Matrix-animation-input-array" count="33">
            <param name="TIME" type="float"/>
          </accessor>
        </technique_common>
      </source>
      <source id="mixamorig_Spine2-Matrix-animation-output-transform">
        <float_array id="mixamorig_Spine2-Matrix-animation-output-transform-array" count="528">

0.999731 0.014641 0.017980 0.000000 -0.013941 0.999164 -0.038429 12.987800 -0.018528 0.038168 0.999100 0.000000 0.000000 0.000000 0.000000 1.000000
0.999747 0.013621 0.017888 -0.000000 -0.012889 0.999098 -0.040457 12.987800 -0.018422 0.040216 0.999021 0.000000 0.000000 0.000000 0.000000 1.000000
0.999776 0.013031 0.016668 -0.000000 -0.012338 0.999082 -0.041020 12.987800 -0.017187 0.040805 0.999019 0.000000 0.000000 0.000000 0.000000 1.000000
0.999819 0.012775 0.014088 0.000000 -0.012190 0.999092 -0.040823 12.987800 -0.014597 0.040644 0.999067 0.000000 0.000000 0.000000 0.000000 1.000000
0.999869 0.012661 0.010070 0.000000 -0.012247 0.999119 -0.040141 12.987800 -0.010569 0.040012 0.999143 -0.000000 0.000000 0.000000 0.000000 1.000000
0.999913 0.012064 0.005294 -0.000000 -0.011855 0.999212 -0.037868 12.987800 -0.005747 0.037802 0.999269 -0.000000 0.000000 0.000000 0.000000 1.000000
0.999946 0.010221 0.001633 0.000000 -0.010161 0.999392 -0.033355 12.987800 -0.001973 0.033337 0.999442 0.000000 0.000000 0.000000 0.000000 1.000000
0.999972 0.007437 0.000652 -0.000000 -0.007416 0.999585 -0.027824 12.987800 -0.000859 0.027818 0.999613 0.000000 0.000000 0.000000 0.000000 1.000000
0.999985 0.005035 0.002336 0.000000 -0.004980 0.999721 -0.023085 12.987800 -0.002452 0.023073 0.999731 0.000000 0.000000 0.000000 0.000000 1.000000
0.999976 0.003955 0.005775 -0.000000 -0.003839 0.999794 -0.019936 12.987800 -0.005853 0.019914 0.999785 0.000000 0.000000 0.000000 0.000000 1.000000
0.999943 0.003827 0.009976 0.000000 -0.003647 0.999833 -0.017926 12.987800 -0.010043 0.017889 0.999790 0.000000 0.000000 0.000000 0.000000 1.000000
0.999893 0.003579 0.014193 0.000000 -0.003351 0.999866 -0.016045 12.987800 -0.014249 0.015996 0.999771 0.000000 0.000000 0.000000 0.000000 1.000000
0.999831 0.002325 0.018216 0.000000 -0.002081 0.999908 -0.013384 12.987800 -0.018245 0.013343 0.999744 0.000000 0.000000 0.000000 0.000000 1.000000
0.999757 -0.000230 0.022048 0.000000 0.000446 0.999952 -0.009775 12.987800 -0.022045 0.009782 0.999709 0.000000 0.000000 0.000000 0.000000 1.000000
0.999675 -0.003822 0.025203 0.000000 0.003976 0.999974 -0.006050 12.987800 -0.025180 0.006148 0.999664 -0.000000 0.000000 0.000000 0.000000 1.000000
0.999606 -0.007867 0.026962 0.000000 0.007960 0.999963 -0.003352 12.987800 -0.026935 0.003565 0.999631 -0.000000 0.000000 0.000000 0.000000 1.000000
0.999557 -0.011704 0.027354 -0.000000 0.011768 0.999928 -0.002169 12.987800 -0.027327 0.002490 0.999623 0.000000 0.000000 0.000000 0.000000 1.000000
0.999521 -0.014867 0.027149 0.000000 0.014929 0.999886 -0.002110 12.987800 -0.027114 0.002514 0.999629 0.000000 0.000000 0.000000 0.000000 1.000000
0.999484 -0.017384 0.027016 0.000000 0.017455 0.999845 -0.002424 12.987800 -0.026970 0.002894 0.999632 0.000000 0.000000 0.000000 0.000000 1.000000
0.999440 -0.019565 0.027159 -0.000000 0.019652 0.999803 -0.002905 12.987800 -0.027097 0.003437 0.999627 -0.000000 0.000000 0.000000 0.000000 1.000000
0.999392 -0.021752 0.027253 0.000000 0.021867 0.999753 -0.003907 12.987800 -0.027162 0.004501 0.999621 0.000000 0.000000 0.000000 0.000000 1.000000
0.999357 -0.024114 0.026530 0.000000 0.024268 0.999690 -0.005476 12.987800 -0.026390 0.006116 0.999633 0.000000 0.000000 0.000000 0.000000 1.000000
0.999355 -0.026386 0.024360 0.000000 0.026568 0.999621 -0.007156 12.987800 -0.024162 0.007799 0.999678 0.000000 0.000000 0.000000 0.000000 1.000000
0.999386 -0.028098 0.020953 -0.000000 0.028286 0.999562 -0.008734 12.987800 -0.020698 0.009322 0.999742 0.000000 0.000000 0.000000 0.000000 1.000000
0.999436 -0.028917 0.017091 0.000000 0.029101 0.999520 -0.010646 12.987800 -0.016775 0.011138 0.999797 -0.000000 0.000000 0.000000 0.000000 1.000000
0.999478 -0.029498 0.013189 0.000000 0.029666 0.999480 -0.012668 12.987800 -0.012808 0.013053 0.999833 0.000000 0.000000 0.000000 0.000000 1.000000
0.999503 -0.030176 0.009159 0.000000 0.030308 0.999434 -0.014582 12.987800 -0.008714 0.014853 0.999852 0.000000 0.000000 0.000000 0.000000 1.000000
0.999517 -0.030588 0.005471 0.000000 0.030673 0.999397 -0.016267 12.987800 -0.004970 0.016427 0.999853 0.000000 0.000000 0.000000 0.000000 1.000000
0.999543 -0.030057 0.003328 0.000000 0.030112 0.999387 -0.017842 12.987800 -0.002790 0.017934 0.999835 0.000000 0.000000 0.000000 0.000000 1.000000
0.999584 -0.028663 0.003291 0.000000 0.028722 0.999402 -0.019267 12.987800 -0.002737 0.019353 0.999809 0.000000 0.000000 0.000000 0.000000 1.000000
0.999615 -0.027383 0.004405 0.000000 0.027466 0.999421 -0.020076 12.987800 -0.003853 0.020189 0.999789 0.000000 0.000000 0.000000 0.000000 1.000000
0.999623 -0.026989 0.005135 0.000000 0.027086 0.999433 -0.020007 12.987800 -0.004592 0.020139 0.999787 -0.000000 0.000000 0.000000 0.000000 1.000000
0.999614 -0.027365 0.004726 -0.000000 0.027453 0.999430 -0.019630 12.987800 -0.004186 0.019753 0.999796 0.000000 0.000000 0.000000 0.000000 1.000000</float_array>
        <technique_common>
          <accessor source="#mixamorig_Spine2-Matrix-animation-output-transform-array" count="33" stride="16">
            <param type="float4x4"/>
          </accessor>
        </technique_common>
      </source>
      <source id="mixamorig_Spine2-Interpolations">
        <Name_array id="mixamorig_Spine2-Interpolations-array" count="33">
 LINEAR LINEAR LINEAR LINEAR LINEAR LINEAR LINEAR LINEAR LINEAR LINEAR LINEAR
LINEAR LINEAR LINEAR LINEAR LINEAR LINEAR LINEAR LINEAR LINEAR LINEAR LINEAR LINEAR
LINEAR LINEAR LINEAR LINEAR LINEAR LINEAR LINEAR LINEAR LINEAR LINEAR</Name_array>
        <technique_common>
          <accessor source="#mixamorig_Spine2-Interpolations-array" count="33">
            <param type="name"/>
          </accessor>
        </technique_common>
      </source>
      <sampler id="mixamorig_Spine2-Matrix-animation-transform">
        <input semantic="INPUT" source="#mixamorig_Spine2-Matrix-animation-input"/>
        <input semantic="OUTPUT" source="#mixamorig_Spine2-Matrix-animation-output-transform"/>
        <input semantic="INTERPOLATION" source="#mixamorig_Spine2-Interpolations"/>
      </sampler>
      <channel source="#mixamorig_Spine2-Matrix-animation-transform" target="mixamorig_Spine2/matrix"/>
    </animation>
    <animation id="mixamorig_Neck-anim" name="mixamorig_Neck">
      <source id="mixamorig_Neck-Matrix-animation-input">
        <float_array id="mixamorig_Neck-Matrix-animation-input-array" count="33">

0.000000 0.033333 0.066667 0.100000 0.133333 0.166667 0.200000 0.233333 0.266667 0.300000 0.333333 0.366667 0.400000 0.433333 0.466667 0.500000
0.533333 0.566667 0.600000 0.633333 0.666667 0.700000 0.733333 0.766667 0.800000 0.833333 0.866667 0.900000 0.933333 0.966667 1.000000 1.033333
1.066667</float_array>
        <technique_common>
          <accessor source="#mixamorig_Neck-Matrix-animation-input-array" count="33">
            <param name="TIME" type="float"/>
          </accessor>
        </technique_common>
      </source>
      <source id="mixamorig_Neck-Matrix-animation-output-transform">
        <float_array id="mixamorig_Neck-Matrix-animation-output-transform-array" count="528">

0.970444 -0.077034 0.228700 0.000000 0.091821 0.994271 -0.054720 14.611200 -0.223175 0.074102 0.971958 0.000000 0.000000 0.000000 0.000000 1.000000
0.971824 -0.076302 0.223018 -0.000000 0.091901 0.993934 -0.060411 14.611200 -0.217056 0.079205 0.972941 0.000000 0.000000 0.000000 0.000000 1.000000
0.973183 -0.074131 0.217762 0.000000 0.090882 0.993542 -0.067930 14.611200 -0.211320 0.085899 0.973635 0.000000 0.000000 0.000000 0.000000 1.000000
0.974618 -0.069386 0.212849 0.000000 0.087467 0.993208 -0.076730 14.611200 -0.206080 0.093400 0.974068 0.000000 0.000000 0.000000 0.000000 1.000000
0.976132 -0.062465 0.208003 0.000000 0.081801 0.992958 -0.085688 14.611200 -0.201186 0.100658 0.974368 0.000000 0.000000 0.000000 0.000000 1.000000
0.977710 -0.055159 0.202585 0.000000 0.075408 0.992747 -0.093633 14.611200 -0.195951 0.106822 0.974778 0.000000 0.000000 0.000000 0.000000 1.000000
0.979417 -0.049021 0.195803 0.000000 0.069558 0.992611 -0.099422 14.611200 -0.189482 0.110995 0.975590 -0.000000 0.000000 0.000000 0.000000 1.000000
0.981257 -0.044589 0.187476 0.000000 0.064649 0.992652 -0.102287 14.611200 -0.181538 0.112490 0.976929 0.000000 0.000000 0.000000 0.000000 1.000000
0.983076 -0.042185 0.178275 0.000000 0.061155 0.992873 -0.102290 14.611200 -0.172689 0.111461 0.978650 0.000000 0.000000 0.000000 0.000000 1.000000
0.984744 -0.041386 0.169018 0.000000 0.059051 0.993146 -0.100864 14.611200 -0.163685 0.109306 0.980438 0.000000 0.000000 0.000000 0.000000 1.000000
0.986237 -0.040615 0.160274 0.000000 0.057043 0.993424 -0.099268 14.611200 -0.155188 0.107044 0.982068 -0.000000 0.000000 0.000000 0.000000 1.000000
0.987592 -0.038342 0.152290 0.000000 0.053608 0.993797 -0.097437 14.611200 -0.147610 0.104392 0.983521 0.000000 0.000000 0.000000 0.000000 1.000000
0.988844 -0.034489 0.144907 -0.000000 0.048574 0.994309 -0.094818 14.611200 -0.140812 0.100799 0.984892 -0.000000 0.000000 0.000000 0.000000 1.000000
0.989989 -0.030368 0.137836 0.000000 0.043263 0.994861 -0.091544 14.611200 -0.134348 0.096591 0.986215 0.000000 0.000000 0.000000 0.000000 1.000000
0.990990 -0.027350 0.131111 -0.000000 0.039170 0.995311 -0.088437 14.611200 -0.128077 0.092776 0.987415 0.000000 0.000000 0.000000 0.000000 1.000000
0.991851 -0.025649 0.124794 -0.000000 0.036603 0.995597 -0.086293 14.611200 -0.122031 0.090157 0.988423 -0.000000 0.000000 0.000000 0.000000 1.000000
0.992660 -0.025069 0.118308 0.000000 0.035315 0.995728 -0.085312 14.611200 -0.115664 0.088864 0.989305 0.000000 0.000000 0.000000 0.000000 1.000000
0.993513 -0.025650 0.110788 -0.000000 0.035227 0.995727 -0.085369 14.611200 -0.108125 0.088718 0.990171 0.000000 0.000000 0.000000 0.000000 1.000000
0.994384 -0.027259 0.102261 -0.000000 0.036149 0.995629 -0.086117 14.611200 -0.099467 0.089330 0.991023 0.000000 0.000000 0.000000 0.000000 1.000000
0.995176 -0.029108 0.093691 0.000000 0.037328 0.995490 -0.087218 14.611200 -0.090729 0.090295 0.991774 0.000000 0.000000 0.000000 0.000000 1.000000
0.995843 -0.030222 0.085926 0.000000 0.037862 0.995336 -0.088723 14.611200 -0.082844 0.091608 0.992343 -0.000000 0.000000 0.000000 0.000000 1.000000
0.996409 -0.030387 0.079032 -0.000000 0.037555 0.995156 -0.090851 14.611200 -0.075888 0.093493 0.992724 0.000000 0.000000 0.000000 0.000000 1.000000
0.996910 -0.030142 0.072542 -0.000000 0.036885 0.994937 -0.093487 14.611200 -0.069357 0.095874 0.992974 -0.000000 0.000000 0.000000 0.000000 1.000000
0.997374 -0.029728 0.066038 0.000000 0.036030 0.994692 -0.096386 14.611200 -0.062823 0.098513 0.993151 0.000000 0.000000 0.000000 0.000000 1.000000
0.997821 -0.028716 0.059408 0.000000 0.034556 0.994414 -0.099730 14.611200 -0.056213 0.101566 0.993239 -0.000000 0.000000 0.000000 0.000000 1.000000
0.998254 -0.026699 0.052685 0.000000 0.032079 0.994052 -0.104073 14.611200 -0.049593 0.105582 0.993173 0.000000 0.000000 0.000000 0.000000 1.000000
0.998670 -0.023751 0.045751 0.000000 0.028658 0.993544 -0.109769 14.611200 -0.042848 0.110934 0.992904 0.000000 0.000000 0.000000 0.000000 1.000000
0.999063 -0.020179 0.038292 0.000000 0.024526 0.992866 -0.116686 14.611200 -0.035664 0.117516 0.992430 -0.000000 0.000000 0.000000 0.000000 1.000000
0.999414 -0.016283 0.030100 0.000000 0.019908 0.992038 -0.124357 14.611200 -0.027835 0.124884 0.991781 0.000000 0.000000 0.000000 0.000000 1.000000
0.999691 -0.012612 0.021439 0.000000 0.015340 0.991090 -0.132305 14.611200 -0.019579 0.132593 0.990977 0.000000 0.000000 0.000000 0.000000 1.000000
0.999866 -0.009963 0.012968 -0.000000 0.011682 0.990071 -0.140080 14.611200 -0.011444 0.140212 0.990055 -0.000000 0.000000 0.000000 0.000000 1.000000
0.999949 -0.008652 0.005300 0.000000 0.009337 0.989098 -0.146962 14.611200 -0.003971 0.147004 0.989128 0.000000 0.000000 0.000000 0.000000 1.000000
0.999966 -0.008096 -0.001347 0.000000 0.007797 0.988304 -0.152300 14.611200 0.002564 0.152284 0.988333 0.000000 0.000000 0.000000 0.000000 1.000000</float_array>
        <technique_common>
          <accessor source="#mixamorig_Neck-Matrix-animation-output-transform-array" count="33" stride="16">
            <param type="float4x4"/>
          </accessor>
        </technique_common>
      </source>
      <source id="mixamorig_Neck-Interpolations">
        <Name_array id="mixamorig_Neck-Interpolations-array" count="33">
 LINEAR LINEAR LINEAR LINEAR LINEAR LINEAR LINEAR LINEAR LINEAR LINEAR LINEAR
LINEAR LINEAR LINEAR LINEAR LINEAR LINEAR LINEAR LINEAR LINEAR LINEAR LINEAR LINEAR
LINEAR LINEAR LINEAR LINEAR LINEAR LINEAR LINEAR LINEAR LINEAR LINEAR</Name_array>
        <technique_common>
          <accessor source="#mixamorig_Neck-Interpolations-array" count="33">
            <param type="name"/>
          </accessor>
        </technique_common>
      </source>
      <sampler id="mixamorig_Neck-Matrix-animation-transform">
        <input semantic="INPUT" source="#mixamorig_Neck-Matrix-animation-input"/>
        <input semantic="OUTPUT" source="#mixamorig_Neck-Matrix-animation-output-transform"/>
        <input semantic="INTERPOLATION" source="#mixamorig_Neck-Interpolations"/>
      </sampler>
      <channel source="#mixamorig_Neck-Matrix-animation-transform" target="mixamorig_Neck/matrix"/>
    </animation>
    <animation id="mixamorig_Head-anim" name="mixamorig_Head">
      <source id="mixamorig_Head-Matrix-animation-input">
        <float_array id="mixamorig_Head-Matrix-animation-input-array" count="33">

0.000000 0.033333 0.066667 0.100000 0.133333 0.166667 0.200000 0.233333 0.266667 0.300000 0.333333 0.366667 0.400000 0.433333 0.466667 0.500000
0.533333 0.566667 0.600000 0.633333 0.666667 0.700000 0.733333 0.766667 0.800000 0.833333 0.866667 0.900000 0.933333 0.966667 1.000000 1.033333
1.066667</float_array>
        <technique_common>
          <accessor source="#mixamorig_Head-Matrix-animation-input-array" count="33">
            <param name="TIME" type="float"/>
          </accessor>
        </technique_common>
      </source>
      <source id="mixamorig_Head-Matrix-animation-output-transform">
        <float_array id="mixamorig_Head-Matrix-animation-output-transform-array" count="528">

0.936427 0.067621 0.344285 -0.000000 -0.017903 0.989183 -0.145591 11.576000 -0.350406 0.130172 0.927508 0.589300 0.000000 0.000000 0.000000 1.000000
0.933253 0.062205 0.353792 0.000000 -0.015146 0.990830 -0.134260 11.576000 -0.358900 0.119940 0.925638 0.589300 0.000000 0.000000 0.000000 1.000000
0.929753 0.055731 0.363941 0.000000 -0.012078 0.992562 -0.121138 11.576000 -0.367985 0.108233 0.923511 0.589300 0.000000 0.000000 0.000000 1.000000
0.926562 0.053267 0.372352 -0.000000 -0.013195 0.993916 -0.109350 11.576000 -0.375911 0.096407 0.921627 0.589300 0.000000 0.000000 0.000000 1.000000
0.924512 0.057206 0.376835 0.000000 -0.019116 0.994388 -0.104057 11.576000 -0.380673 0.088999 0.920417 0.589300 0.000000 0.000000 0.000000 1.000000
0.925635 0.063323 0.373081 0.000000 -0.025211 0.994029 -0.106166 11.576000 -0.377576 0.088865 0.921705 0.589300 0.000000 0.000000 0.000000 1.000000
0.932382 0.063633 0.355830 0.000000 -0.027215 0.993947 -0.106437 11.576000 -0.360449 0.089556 0.928470 0.589300 0.000000 0.000000 0.000000 1.000000
0.943733 0.055030 0.326097 0.000000 -0.025466 0.995223 -0.094246 11.576000 -0.329725 0.080639 0.940627 0.589300 0.000000 0.000000 0.000000 1.000000
0.955218 0.041085 0.293036 0.000000 -0.021670 0.997367 -0.069199 11.576000 -0.295107 0.059751 0.953594 0.589300 0.000000 0.000000 0.000000 1.000000
0.963813 0.026459 0.265261 0.000000 -0.016662 0.999096 -0.039116 11.576000 -0.266057 0.033280 0.963383 0.589300 0.000000 0.000000 0.000000 1.000000
0.969301 0.014763 0.245434 -0.000000 -0.012783 0.999872 -0.009657 11.576000 -0.245545 0.006223 0.969365 0.589300 0.000000 0.000000 0.000000 1.000000
0.972519 0.010027 0.232609 0.000000 -0.014259 0.999762 0.016516 11.576000 -0.232388 -0.019379 0.972430 0.589300 0.000000 0.000000 0.000000 1.000000
0.974421 0.014298 0.224275 -0.000000 -0.022992 0.999080 0.036200 11.576000 -0.223551 -0.040431 0.973853 0.589300 0.000000 0.000000 0.000000 1.000000
0.975548 0.024420 0.218425 -0.000000 -0.035707 0.998215 0.047877 11.576000 -0.216866 -0.054506 0.974679 0.589300 0.000000 0.000000 0.000000 1.000000
0.975817 0.034077 0.215919 -0.000000 -0.047065 0.997360 0.055298 11.576000 -0.213464 -0.064122 0.974844 0.589300 0.000000 0.000000 0.000000 1.000000
0.975489 0.039003 0.216565 -0.000000 -0.053882 0.996544 0.063226 11.576000 -0.213351 -0.073345 0.974219 0.589300 0.000000 0.000000 0.000000 1.000000
0.975996 0.038343 0.214387 -0.000000 -0.054979 0.995875 0.072182 11.576000 -0.210735 -0.082236 0.974078 0.589300 0.000000 0.000000 0.000000 1.000000
0.978531 0.033867 0.203299 0.000000 -0.051001 0.995518 0.079639 11.576000 -0.199691 -0.088297 0.975872 0.589300 0.000000 0.000000 0.000000 1.000000
0.982160 0.027904 0.185967 0.000000 -0.044496 0.995331 0.085652 11.576000 -0.182708 -0.092399 0.978816 0.589300 0.000000 0.000000 0.000000 1.000000
0.985020 0.022292 0.170990 0.000000 -0.038827 0.994817 0.093979 11.576000 -0.168009 -0.099211 0.980780 0.589300 0.000000 0.000000 0.000000 1.000000
